<?xml version="1.0"?>
<opencv_storage>
<camera_matrix type_id="opencv-matrix">
  <rows>3</rows>
  <cols>3</cols>
  <dt>d</dt>
  <data>
    9.3045883185035188e+02 0. 6.6486733514722494e+02 0.
    9.3613609736393323e+02 3.4952699645344694e+02 0. 0. 1.</data></camera_matrix>
<distortion_coefficients type_id="opencv-matrix">
  <rows>1</rows>
  <cols>5</cols>
  <dt>d</dt>
  <data>
    1.0777457450362160e-02 -1.9428358154129466e-01
    -2.6002550447993460e-04 3.3217391180593993e-03
    2.8864215077371319e-01</data></distortion_coefficients>
</opencv_storage>
